# manga_tileid n_ancillaries ancillary_weight
6001 2 0.599133931333127
6002 2 0.77514068999266
6003 0 1
6004 2 3.92929292929293
6005 0 1
6006 0 1
6007 0 1
6008 1 1.13636363636364
6009 0 1
6010 0 1
6011 0 1
6012 1 1.11940298507463
6013 0 1
6014 0 1
6015 2 1.24747474747475
6016 0 1
6017 0 1
6018 0 1
6019 2 1.73230621088108
6020 2 1.37002341920375
6021 1 1.61290322580645
6022 0 1
6023 0 1
6024 0 1
6025 1 0.655737704918033
6026 0 1
6027 0 1
6028 0 1
6029 0 1
6030 0 1
6031 1 1.66666666666667
6032 1 1.66666666666667
6033 1 1.66666666666667
6034 0 1
6035 0 1
6036 3 4.90249095167128
6037 0 1
6038 1 1.84782608695652
6039 0 1
6040 0 1
6041 0 1
6042 0 1
6043 1 1.11940298507463
6044 0 1
6045 0 1
6046 1 0.655737704918033
6047 1 1.84782608695652
6048 1 1.61290322580645
6049 0 1
6050 4 2.73307876609763
6051 1 1.11940298507463
6052 1 1.13636363636364
6053 0 1
6054 2 1.55629945222155
6055 2 1.55629945222155
6056 3 1.37516960651289
6057 1 4.42857142857143
6058 1 1.25
6059 0 1
6060 0 1
6061 2 1.23051409618574
6062 0 1
6063 0 1
6064 2 2.2258064516129
6065 0 1
6066 0 1
6067 1 1.61290322580645
6068 2 2.56493506493506
6069 0 1
6070 1 1.11111111111111
6071 1 0.943396226415094
6072 1 1.5
6073 0 1
6074 0 1
6075 2 1.50356379187455
6076 0 1
6077 3 1.92758594973525
6078 3 0.966848816029144
6079 3 4.60940413155343
6080 1 1.11111111111111
6081 0 1
6082 0 1
6083 1 1.66666666666667
6084 0 1
6085 2 1.33636363636364
6086 2 1.14339622641509
6087 0 1
6088 1 1.2
6089 0 1
6090 4 2.57213930348259
6091 0 1
6092 0 1
6093 3 2.68433805000969
6094 1 1.25
6095 0 1
6096 2 1.96722907203115
6097 1 1.66666666666667
6098 2 0.792101341281669
6099 1 1.25
6100 2 1.77777777777778
6101 0 1
6102 1 1.11111111111111
6103 0 1
6104 0 1
6105 1 1.71428571428571
6106 0 1
6107 0 1
6108 0 1
6109 1 1.2
6110 0 1
6111 1 1.13636363636364
6112 0 1
6113 0 1
6114 0 1
6115 0 1
6116 0 1
6117 0 1
6118 0 1
6119 1 1.5
6120 0 1
6121 2 1.36111111111111
6122 0 1
6123 0 1
6124 1 0.655737704918033
6125 0 1
6126 0 1
6127 2 2.37196765498652
6128 2 1.8030303030303
6129 3 0.894543675067286
6130 1 0.655737704918033
6131 0 1
6132 1 0.655737704918033
6133 2 2.69565217391304
6134 0 1
6135 0 1
6136 0 1
6137 1 1.84782608695652
6138 0 1
6139 0 1
6140 0 1
6141 0 1
6142 1 1.84782608695652
6143 1 1.84782608695652
6144 0 1
6145 1 0.943396226415094
6146 1 1.84782608695652
6147 0 1
6148 0 1
6149 0 1
6150 1 1.84782608695652
6151 0 1
6152 0 1
6153 0 1
6154 2 0.886792452830189
6155 0 1
6156 2 1.61006289308176
6157 0 1
6158 1 1.61290322580645
6159 5 2.68539789531605
6160 1 1.66666666666667
6161 2 1.96722907203115
6162 1 1.11940298507463
6163 2 1.06279921148972
6164 0 1
6165 2 1.23051409618574
6166 0 1
6167 1 1.13636363636364
6168 0 1
6169 0 1
6170 1 1.25
6171 0 1
6172 0 1
6173 0 1
6174 2 1.23880597014925
6175 0 1
6176 1 1.71428571428571
6177 2 1.79122231337162
6178 0 1
6179 0 1
6180 1 3.81818181818182
6181 0 1
6182 1 1.11111111111111
6183 0 1
6184 0 1
6185 0 1
6186 1 0.943396226415094
6187 1 1.11111111111111
6188 0 1
6189 2 1.27272727272727
6190 0 1
6191 2 4.53968253968254
6192 1 1.25
6193 0 1
6194 2 1.23051409618574
6195 0 1
6196 0 1
6197 1 1.11111111111111
6198 1 1.11940298507463
6199 0 1
6200 0 1
6201 1 1.13636363636364
6202 0 1
6203 1 0.655737704918033
6204 2 2.51449275362319
6205 1 1.11940298507463
6206 2 0.599133931333127
6207 5 1.69757397809759
6208 3 2.45273631840796
6209 1 1.61290322580645
6210 2 2.09782608695652
6211 0 1
6212 0 1
6213 0 1
6214 2 1.36111111111111
6215 0 1
6216 2 1.31111111111111
6217 1 1.13636363636364
6218 4 2.19774316821689
6219 1 1.11940298507463
6220 0 1
6221 1 1.11940298507463
6222 2 1.91666666666667
6223 0 1
6224 0 1
6225 0 1
6226 0 1
6227 0 1
6228 2 1.73230621088108
6229 1 1.11940298507463
6230 1 1.66666666666667
6231 1 1.13636363636364
6232 1 1.11111111111111
6233 2 1.50356379187455
6234 0 1
6235 2 1.23051409618574
6236 1 1.11940298507463
6237 0 1
6238 1 1.84782608695652
6239 0 1
6240 1 1.13636363636364
6241 1 1.11111111111111
6242 1 1.84782608695652
6243 1 0.655737704918033
6244 2 1.78606965174129
6245 1 1.84782608695652
6246 3 1.35820895522388
6247 0 1
6248 1 1.2
6249 0 1
6250 0 1
6251 2 1.77777777777778
6252 0 1
6253 0 1
6254 3 2.76211180124224
6255 0 1
6256 0 1
6257 1 1.66666666666667
6258 3 1.73051409618574
6259 0 1
6260 2 4.06818181818182
6261 0 1
6262 1 1.84782608695652
6263 1 1.66666666666667
6264 2 0.766848816029144
6265 0 1
6266 1 3.81818181818182
6267 2 1.50356379187455
6268 0 1
6269 0 1
6270 0 1
6271 2 1.23051409618574
6272 1 1.84782608695652
6273 1 1.11940298507463
6274 1 1.11111111111111
6275 0 1
6276 0 1
6277 1 3.81818181818182
6278 1 1.11111111111111
6279 1 1.11940298507463
6280 1 1.11940298507463
6281 1 0.943396226415094
6282 1 1.11111111111111
6283 1 1.61290322580645
6284 1 1.11940298507463
6285 1 1.13636363636364
6286 0 1
6287 1 1.13636363636364
6288 0 1
6289 1 1.66666666666667
6290 2 0.77514068999266
6291 0 1
6292 0 1
6293 1 0.943396226415094
6294 2 2.46072931276297
6295 2 0.311475409836065
6296 3 5.17783829074152
6297 1 0.943396226415094
6298 0 1
6299 0 1
6300 0 1
6301 0 1
6302 0 1
6303 1 1.61290322580645
6304 0 1
6305 0 1
6306 1 0.655737704918033
6307 1 1.11940298507463
6308 2 0.855737704918033
6309 0 1
6310 0 1
6311 0 1
6312 0 1
6313 4 1.49457259158752
6314 1 4.42857142857143
6315 0 1
6316 1 1.13636363636364
6317 0 1
6318 1 1.66666666666667
6319 1 1.66666666666667
6320 0 1
6321 1 1.61290322580645
6322 0 1
6323 1 1.11940298507463
6324 0 1
6325 3 1.56940298507463
6326 1 0.943396226415094
6327 2 4.06818181818182
6328 2 3.92929292929293
6329 0 1
6330 0 1
6331 0 1
6332 0 1
6333 0 1
6334 0 1
6335 1 0.655737704918033
6336 1 3.81818181818182
6337 1 1.13636363636364
6338 2 1.06279921148972
6339 4 1.31027395896447
6340 2 1.05450733752621
6341 0 1
6342 0 1
6343 1 0.655737704918033
6344 0 1
6345 0 1
6346 0 1
6347 1 1.66666666666667
6348 1 4.42857142857143
6349 0 1
6350 1 1.66666666666667
6351 1 0.655737704918033
6352 0 1
6353 0 1
6354 0 1
6355 0 1
6356 2 1.37002341920375
6357 2 2.09782608695652
6358 2 1.25576662143826
6359 0 1
6360 1 1.11940298507463
6361 0 1
6362 0 1
6363 0 1
6364 2 2.27956989247312
6365 2 1.50356379187455
6366 0 1
6367 3 1.72946587815639
6368 2 0.77514068999266
6369 0 1
6370 0 1
6371 3 0.830188679245283
6372 0 1
6373 3 2.09530083443127
6374 0 1
6375 2 1.50356379187455
6376 3 5.76190476190476
6377 0 1
6378 0 1
6379 0 1
6380 1 0.655737704918033
6381 0 1
6382 0 1
6383 0 1
6384 0 1
6385 2 0.766848816029144
6386 1 4.42857142857143
6387 1 1.61290322580645
6388 1 1.2
6389 0 1
6390 0 1
6391 1 1.66666666666667
6392 0 1
6393 0 1
6394 1 1.25
6395 1 1.84782608695652
6396 1 1.66666666666667
6397 2 1.23051409618574
6398 1 1.11111111111111
6399 0 1
6400 2 0.792101341281669
6401 2 1.19339622641509
6402 0 1
6403 1 1.13636363636364
6404 0 1
6405 2 2.51449275362319
6406 0 1
6407 3 3.20634920634921
6408 0 1
6409 0 1
6410 0 1
6411 3 4.93213522044598
6412 2 4.56493506493507
6413 1 1.11111111111111
6414 1 0.943396226415094
6415 1 1.66666666666667
6416 0 1
6417 1 1.13636363636364
6418 0 1
6419 1 0.655737704918033
6420 1 1.66666666666667
6421 2 1.24747474747475
6422 2 1.50356379187455
6423 0 1
6424 1 1.11940298507463
6425 0 1
6426 1 0.943396226415094
6427 3 2.68151478631686
6428 1 0.655737704918033
6429 0 1
6430 0 1
6431 3 1.27514068999266
6432 2 0.77514068999266
6433 1 1.11111111111111
6434 0 1
6435 0 1
6436 0 1
6437 1 1.61290322580645
6438 3 1.13679245283019
6439 0 1
6440 1 0.943396226415094
6441 3 1.19916284785336
6442 0 1
6443 1 1.11940298507463
6444 0 1
6445 1 0.655737704918033
6446 1 1.66666666666667
6447 0 1
6448 1 1.66666666666667
6449 1 1.11940298507463
6450 2 1.06279921148972
6451 0 1
6452 2 1.50356379187455
6453 0 1
6454 0 1
6455 2 1.31940298507463
6456 1 1.25
6457 1 1.25
6458 1 1.11940298507463
6459 4 0.198267862666254
6460 0 1
6461 0 1
6462 1 0.943396226415094
6463 1 1.11940298507463
6464 1 0.655737704918033
6465 2 0.599133931333127
6466 0 1
6467 0 1
6468 0 1
6469 3 0.966848816029144
6470 0 1
6471 2 0.855737704918033
6472 0 1
6473 0 1
6474 0 1
6475 1 1.84782608695652
6476 0 1
6477 3 2.20371211856409
6478 0 1
6479 2 0.766848816029144
6480 1 0.943396226415094
6481 1 1.13636363636364
6482 0 1
6483 1 1.61290322580645
6484 2 0.311475409836065
6485 1 1.66666666666667
6486 0 1
6487 1 1.84782608695652
6488 0 1
6489 2 1.23880597014925
6490 3 1.15930149679259
6491 0 1
6492 3 2.58333333333333
6493 0 1
6494 0 1
6495 0 1
6496 0 1
6497 0 1
6498 2 1.23051409618574
6499 0 1
6500 3 1.05573770491803
6501 0 1
6502 1 1.13636363636364
6503 0 1
6504 0 1
6505 2 1.95893719806763
6506 0 1
6507 1 1.13636363636364
6508 1 1.13636363636364
6509 0 1
6510 1 0.943396226415094
6511 0 1
6512 1 1.61290322580645
6513 1 1.11940298507463
6514 0 1
6515 2 4.37196765498652
6516 0 1
6517 0 1
6518 1 1.84782608695652
6519 0 1
6520 0 1
6521 0 1
6522 3 7.38311688311688
6523 0 1
6524 1 0.655737704918033
6525 1 0.943396226415094
6526 1 1.11940298507463
6527 0 1
6528 0 1
6529 3 4.20371211856409
6530 2 1.65768194070081
6531 1 3.81818181818182
6532 1 1.25
6533 3 5.41276115189159
6534 0 1
6535 0 1
6536 0 1
6537 0 1
6538 1 1.66666666666667
6539 2 1.45
6540 0 1
6541 0 1
6542 0 1
6543 0 1
6544 0 1
6545 0 1
6546 0 1
6547 0 1
6548 0 1
6549 0 1
6550 0 1
6551 1 4.42857142857143
6552 2 1.06279921148972
6553 3 0.718536916407754
6554 0 1
6555 0 1
6556 2 1.23880597014925
6557 0 1
6558 0 1
6559 2 1.96722907203115
6560 1 1.11940298507463
6561 1 1.25
6562 1 1.11940298507463
6563 2 0.77514068999266
6564 0 1
6565 1 1.13636363636364
6566 0 1
6567 2 0.792101341281669
6568 0 1
6569 0 1
6570 2 1.96722907203115
6571 1 0.655737704918033
6572 1 0.655737704918033
6573 2 3.93758480325645
6574 4 2.52352852425269
6575 0 1
6576 1 1.11111111111111
6577 1 1.13636363636364
6578 2 2.46072931276297
6579 0 1
6580 1 1.11940298507463
6581 1 1.11940298507463
6582 0 1
6583 0 1
6584 1 1.66666666666667
6585 0 1
6586 0 1
6587 0 1
6588 0 1
6589 0 1
6590 1 1.11940298507463
6591 0 1
6592 1 0.943396226415094
6593 0 1
6594 1 1.11111111111111
6595 0 1
6596 0 1
6597 0 1
6598 1 1.61290322580645
6599 1 1.25
6600 3 1.85170919595571
6601 2 1.23880597014925
6602 0 1
6603 0 1
6604 2 1.61006289308176
6605 1 1.13636363636364
6606 1 1.11111111111111
6607 2 1.36940298507463
6608 2 1.55629945222155
6609 0 1
6610 2 0.855737704918033
6611 1 1.11111111111111
6612 2 1.23051409618574
6613 2 1.91666666666667
6614 0 1
6615 2 1.36940298507463
6616 1 1.13636363636364
6617 2 1.77777777777778
6618 1 1.66666666666667
6619 1 0.655737704918033
6620 1 1.11940298507463
6621 0 1
6622 0 1
6623 0 1
6624 0 1
6625 0 1
6626 1 1.25
6627 1 1.11111111111111
6628 0 1
6629 1 1.84782608695652
6630 0 1
6631 1 0.943396226415094
6632 2 1.23880597014925
6633 1 0.655737704918033
6634 2 2.51449275362319
6635 2 1.25576662143826
6636 0 1
6637 0 1
6638 1 1.66666666666667
6639 1 0.655737704918033
6640 1 1.84782608695652
6641 1 1.71428571428571
6642 0 1
6643 1 1.66666666666667
6644 1 0.655737704918033
6645 2 0.77514068999266
6646 4 3.97748331497441
6647 3 1.44180735665933
6648 0 1
6649 0 1
6650 0 1
6651 0 1
6652 3 2.22401433691756
6653 0 1
6654 2 1.06279921148972
6655 0 1
6656 1 1.84782608695652
6657 0 1
6658 0 1
6659 1 1.66666666666667
6660 2 1.05450733752621
6661 1 0.655737704918033
6662 1 2.42857142857143
6663 1 1.11940298507463
6664 1 1.71428571428571
6665 2 2.56211180124224
6666 0 1
6667 0 1
6668 2 0.886792452830189
6669 2 0.311475409836065
6670 0 1
6671 1 1.66666666666667
6672 3 0.799133931333127
6673 0 1
6674 2 1.95893719806763
6675 1 0.655737704918033
6676 0 1
6677 3 0.924378635642517
6678 2 0.599133931333127
6679 1 1.11940298507463
6680 0 1
6681 0 1
6682 2 0.855737704918033
6683 2 4.01818181818182
6684 2 3.09523809523809
6685 1 1.61290322580645
6686 0 1
6687 1 1.61290322580645
6688 2 0.792101341281669
6689 1 1.11111111111111
6690 0 1
6691 2 1.25576662143826
6692 0 1
6693 2 1.96722907203115
6694 1 1.13636363636364
6695 2 1.23880597014925
6696 1 1.84782608695652
6697 0 1
6698 0 1
6699 1 0.943396226415094
6700 3 1.00619543790482
6701 1 1.84782608695652
6702 1 0.943396226415094
6703 2 1.79122231337162
6704 0 1
6705 1 1.84782608695652
6706 0 1
6707 1 1.25
6708 1 1.2
6709 2 1.73230621088108
6710 2 1.98418972332016
6711 2 0.886792452830189
6712 1 1.25
6713 1 0.943396226415094
6714 1 1.84782608695652
6715 3 2.50035536602701
6716 0 1
6717 0 1
6718 2 1.23051409618574
6719 0 1
6720 0 1
6721 0 1
6722 1 1.11940298507463
6723 1 1.2
6724 1 1.11111111111111
6725 1 1.84782608695652
6726 0 1
6727 0 1
6728 0 1
6729 0 1
6730 1 0.943396226415094
6731 6 2.93834125306148
6733 1 1.84782608695652
6734 2 0.792101341281669
6735 1 1.66666666666667
6736 0 1
6737 0 1
6738 2 1.05450733752621
6739 0 1
6740 1 1.13636363636364
6741 0 1
6742 1 0.943396226415094
6743 1 1.11940298507463
6744 3 1.49969567863664
6745 1 1.11940298507463
6746 1 1.11940298507463
6747 1 1.66666666666667
6748 1 1.2
6749 0 1
6750 0 1
6751 0 1
6752 0 1
6753 0 1
6754 2 1.23051409618574
6755 0 1
6756 0 1
6757 0 1
6758 1 1.11940298507463
6759 1 0.655737704918033
6760 1 1.25
6761 2 2.51449275362319
6762 0 1
6763 1 1.25
6764 0 1
6765 0 1
6766 1 1.13636363636364
6767 0 1
6768 1 1.11940298507463
6769 1 1.13636363636364
6770 1 1.11940298507463
6771 0 1
6772 0 1
6773 0 1
6774 1 1.66666666666667
6775 0 1
6776 1 1.11111111111111
6777 0 1
6778 0 1
6779 0 1
6780 1 1.11940298507463
6781 1 1.25
6782 1 1.66666666666667
6783 0 1
6784 0 1
6785 0 1
6786 2 2.51449275362319
6787 1 1.84782608695652
6788 2 1.95893719806763
6789 1 1.11111111111111
6790 0 1
6791 2 2.33333333333333
6792 1 1.13636363636364
6793 1 1.66666666666667
6794 2 1.91666666666667
6795 3 1.25450733752621
6796 0 1
6797 0 1
6798 0 1
6799 1 1.25
6800 2 1.61006289308176
6801 0 1
6802 1 1.84782608695652
6803 1 1.13636363636364
6804 4 3.14623655913979
6805 1 1.11940298507463
6806 2 1.27272727272727
6807 1 1.11940298507463
6808 1 1.11111111111111
6809 0 1
6810 0 1
6811 1 1.11111111111111
6812 3 1.13679245283019
6813 2 1.22222222222222
6814 0 1
6815 1 1.84782608695652
6816 2 1.31940298507463
6817 3 1.91062529844624
6818 2 2.46072931276297
6819 0 1
6820 0 1
6821 0 1
6822 0 1
6823 0 1
6824 3 1.40500456708812
6825 1 1.11111111111111
6826 3 4.2206727698531
6827 1 1.11940298507463
6828 1 1.66666666666667
6829 1 1.11940298507463
6830 1 0.655737704918033
6831 0 1
6832 0 1
6833 0 1
6834 2 1.19339622641509
6836 1 0.943396226415094
6837 0 1
6838 1 1.61290322580645
6839 1 1.11111111111111
6840 0 1
6841 1 0.655737704918033
6842 1 0.943396226415094
6843 0 1
6844 0 1
6845 3 4.06565656565657
6846 0 1
6847 1 1.84782608695652
6848 1 1.11111111111111
6849 2 1.8030303030303
6850 1 1.13636363636364
6851 0 1
6852 0 1
6853 1 1.61290322580645
6854 2 0.77514068999266
6855 1 1.25
6856 0 1
6857 1 1.2
6858 0 1
6859 3 1.47272727272727
6860 0 1
6861 0 1
6862 0 1
6863 3 1.19087097388984
6864 1 1.66666666666667
6865 1 1.66666666666667
6867 1 1.13636363636364
6868 1 1.25
6869 1 1.84782608695652
6870 0 1
6871 0 1
6872 1 1.11111111111111
6873 2 0.792101341281669
6874 1 1.71428571428571
6875 0 1
6876 2 1.22222222222222
6877 0 1
6878 1 1.5
6879 1 1.13636363636364
6880 3 2.80676328502415
6881 0 1
6882 3 3.30855539971949
6883 2 1.73230621088108
6884 0 1
6885 0 1
6886 2 2.04782608695652
6887 1 1.66666666666667
6888 2 1.3224043715847
6889 0 1
6890 0 1
6891 2 0.599133931333127
6892 1 1.61290322580645
6893 3 1.88154415653094
6894 0 1
6895 0 1
6896 2 2.69565217391304
6897 2 1.8030303030303
6898 1 1.66666666666667
6899 0 1
6900 1 0.943396226415094
6901 2 1.36111111111111
6902 1 1.61290322580645
6903 3 1.84341732199219
6904 0 1
6905 2 1.07975986277873
6906 0 1
6907 0 1
6908 0 1
6909 1 1.5
6910 0 1
6911 2 1.61006289308176
6912 2 1.06279921148972
6913 0 1
6914 1 1.13636363636364
6915 3 4.07394843962008
6916 0 1
6917 0 1
6918 1 1.66666666666667
6919 0 1
6920 3 2.39897287754774
6921 0 1
6922 1 1.61290322580645
6923 2 1.05450733752621
6924 2 1.86666666666667
6925 0 1
6926 1 1.66666666666667
6927 1 1.13636363636364
6928 0 1
6929 1 1.66666666666667
6930 3 0.422586520947177
6931 1 1.84782608695652
6932 4 1.71612349914237
6933 1 0.655737704918033
6934 2 1.27272727272727
6935 0 1
6936 2 0.905737704918033
6937 0 1
6938 0 1
6939 1 1.11111111111111
6940 0 1
6941 1 1.25
6942 1 1.61290322580645
6943 0 1
6944 0 1
6945 1 0.655737704918033
6946 2 1.06279921148972
6947 2 1.05450733752621
6948 0 1
6949 1 4.42857142857143
6950 1 1.11111111111111
6951 2 2.56211180124224
6952 1 1.66666666666667
6953 1 1.13636363636364
6954 0 1
6955 2 1.73230621088108
6956 0 1
6957 1 1.84782608695652
6958 0 1
6959 1 1.11111111111111
6960 1 0.943396226415094
6961 0 1
6962 0 1
6963 1 1.13636363636364
6964 1 1.66666666666667
6965 0 1
6966 1 1.61290322580645
6967 0 1
6968 1 1.11940298507463
6969 1 1.84782608695652
6970 1 1.13636363636364
6971 1 1.84782608695652
6972 1 1.11111111111111
6973 1 1.84782608695652
6974 0 1
6975 2 2.51449275362319
6976 2 0.599133931333127
6977 0 1
6978 1 1.84782608695652
6979 0 1
6980 1 1.11111111111111
6981 4 2.83389573869782
6982 1 1.11940298507463
6983 0 1
6984 1 1.13636363636364
6985 0 1
6986 1 1.2
6987 1 1.61290322580645
6988 0 1
6989 1 1.66666666666667
6990 2 1.25576662143826
6991 3 2.66072931276297
6992 1 1.61290322580645
6993 0 1
6994 5 1.39810746694184
6995 2 0.855737704918033
6996 1 1.84782608695652
6997 0 1
6998 1 0.655737704918033
6999 0 1
7000 1 0.943396226415094
7001 0 1
7002 0 1
7003 1 0.655737704918033
7004 0 1
7005 1 1.61290322580645
7006 5 2.40074455472696
7007 0 1
7008 2 0.855737704918033
7009 1 1.84782608695652
7010 0 1
7011 0 1
7012 1 1.11940298507463
7013 1 1.66666666666667
7014 1 1.84782608695652
7015 0 1
7016 0 1
7017 1 0.655737704918033
7018 1 1.11940298507463
7019 0 1
7020 0 1
7021 0 1
7022 1 1.61290322580645
7023 1 0.655737704918033
7024 1 1.11940298507463
7025 0 1
7026 1 1.84782608695652
7027 2 1.06279921148972
7028 1 1.25
7029 0 1
7030 0 1
7031 2 1.50356379187455
7032 0 1
7033 1 0.5
7034 2 1.77777777777778
7035 0 1
7036 1 1.11940298507463
7037 4 7.02272727272727
7038 0 1
7039 0 1
7040 2 2.51449275362319
7041 1 3.81818181818182
7042 0 1
7043 0 1
7044 0 1
7045 3 2.35138987883108
7046 1 1.84782608695652
7047 0 1
7048 1 0.655737704918033
7049 2 1.3224043715847
7050 1 1.2
7051 2 3.76157804459691
7052 1 1.13636363636364
7053 0 1
7054 1 1.11111111111111
7055 0 1
7056 0 1
7057 2 2.32718894009217
7058 2 1.31111111111111
7059 2 1.72401433691756
7060 0 1
7061 0 1
7062 3 5.21979374194304
7063 2 1.50356379187455
7064 0 1
7065 0 1
7066 0 1
7067 1 3.81818181818182
7068 0 1
7069 2 1.78606965174129
7070 2 1.31111111111111
7071 0 1
7072 1 1.11111111111111
7073 0 1
7074 1 1.11111111111111
7075 0 1
7076 0 1
7077 5 3.49741939863339
7078 1 0.655737704918033
7079 0 1
7080 2 0.311475409836065
7081 0 1
7082 1 1.66666666666667
7083 1 1.11940298507463
7084 0 1
7085 0 1
7086 0 1
7087 0 1
7088 2 1.79122231337162
7089 0 1
7090 0 1
7091 1 1.66666666666667
7092 1 1.11940298507463
7093 1 1.66666666666667
7094 1 1.11111111111111
7095 0 1
7096 1 0.655737704918033
7097 1 4.42857142857143
7098 1 0.943396226415094
7099 2 1.36940298507463
7100 1 0.943396226415094
7101 0 1
7102 2 1.78606965174129
7103 2 1.77777777777778
7104 2 1.27272727272727
7105 2 1.73230621088108
7106 0 1
7107 0 1
7108 0 1
7109 0 1
7110 1 0.655737704918033
7111 0 1
7112 2 1.96722907203115
7113 0 1
7114 1 0.655737704918033
7115 1 1.11111111111111
7116 1 0.943396226415094
7117 0 1
7118 0 1
7119 1 1.2
7120 0 1
7121 3 1.38804391579911
7122 0 1
7123 1 1.11940298507463
7124 2 0.792101341281669
7125 0 1
7126 2 0.77514068999266
7127 3 0.799133931333127
7128 0 1
7129 1 0.943396226415094
7130 3 0.430878394910692
7131 4 3.32575219142383
7132 0 1
7133 1 0.655737704918033
7134 2 1.31111111111111
7135 0 1
7136 0 1
7137 0 1
7138 0 1
7139 1 1.13636363636364
7140 0 1
7141 2 1.78606965174129
7142 0 1
7143 0 1
7144 1 4.42857142857143
7145 2 0.599133931333127
7146 1 1.84782608695652
7147 2 1.96722907203115
7148 5 3.97770154373928
7149 0 1
7150 1 1.13636363636364
7151 0 1
7152 0 1
7153 0 1
7154 3 1.51864093072448
7155 1 3.81818181818182
7156 4 6.16825396825397
7157 3 4.54219615509938
7158 2 1.50356379187455
7159 0 1
7160 3 1.45876800794834
7161 1 1.11940298507463
7162 1 1.11111111111111
7163 0 1
7164 0 1
7165 2 1.27272727272727
7166 1 1.11940298507463
7167 2 1.25576662143826
7168 1 1.66666666666667
7169 0 1
7170 0 1
7171 1 1.13636363636364
7172 1 1.84782608695652
7173 3 1.75
7174 1 0.943396226415094
7175 2 1.27272727272727
7176 1 0.655737704918033
7177 2 1.8030303030303
7178 1 1.11940298507463
7179 1 0.943396226415094
7180 1 1.84782608695652
7181 2 1.27272727272727
7182 2 1.95893719806763
7183 2 1.24747474747475
7184 0 1
7185 1 1.13636363636364
7186 0 1
7187 0 1
7188 2 1.07975986277873
7189 2 0.886792452830189
7190 0 1
7191 0 1
7192 1 1.11940298507463
7193 0 1
7194 0 1
7195 4 2.9344581440623
7196 0 1
7197 0 1
7198 0 1
7199 2 1.86666666666667
7200 1 1.11940298507463
7201 2 1.50356379187455
7202 1 1.11940298507463
7203 1 1.11940298507463
7204 0 1
7205 1 1.25
7206 0 1
7207 1 1.84782608695652
7208 0 1
7209 2 1.23051409618574
7210 1 1.66666666666667
7211 2 1.31940298507463
7212 1 1.11940298507463
7213 1 2.42857142857143
7214 0 1
7215 2 1.38636363636364
7216 0 1
7217 0 1
7218 4 1.61909866371127
7219 0 1
7220 0 1
7221 1 1.11111111111111
7222 0 1
7223 0 1
7224 5 4.31275440976933
7225 2 1.24747474747475
7226 1 1.11940298507463
7227 1 1.11940298507463
7228 0 1
7229 2 1.24747474747475
7230 2 0.886792452830189
7231 1 1.84782608695652
7232 0 1
7233 1 0.943396226415094
7234 0 1
7235 0 1
7236 0 1
7237 0 1
7238 1 1.84782608695652
7239 0 1
7240 0 1
7241 6 2.56714615329151
7242 0 1
7243 0 1
7244 0 1
7245 0 1
7246 0 1
7247 2 1.95893719806763
7248 2 1.86290322580645
7249 1 0.943396226415094
7250 1 1.11111111111111
7251 0 1
7252 0 1
7253 2 1.07975986277873
7254 0 1
7255 1 0.943396226415094
7256 2 1.74926686217009
7257 2 1.77777777777778
7258 0 1
7259 1 1.11111111111111
7260 0 1
7261 1 1.2
7262 1 1.11940298507463
7263 0 1
7264 2 1.86290322580645
7265 4 1.92632287142529
7266 3 3.07363253856942
7267 1 1.13636363636364
7268 1 1.11111111111111
7269 1 1.61290322580645
7270 0 1
7271 0 1
7272 0 1
7273 1 3.81818181818182
7274 0 1
7275 1 1.84782608695652
7276 0 1
7277 0 1
7278 1 1.11111111111111
7279 0 1
7280 1 1.13636363636364
7281 1 0.655737704918033
7282 1 1.11940298507463
7283 0 1
7284 0 1
7285 0 1
7286 1 1.11940298507463
7287 0 1
7288 0 1
7289 1 1.13636363636364
7290 0 1
7291 0 1
7292 1 0.943396226415094
7293 1 0.943396226415094
7294 0 1
7295 0 1
7296 3 1.61111111111111
7297 2 1.27272727272727
7298 1 1.13636363636364
7299 1 1.71428571428571
7300 2 2.51449275362319
7301 1 0.943396226415094
7302 2 1.36940298507463
7303 2 1.14339622641509
7304 0 1
7305 0 1
7306 1 1.11111111111111
7307 1 1.66666666666667
7308 3 1.15930149679259
7309 2 1.8030303030303
7310 0 1
7311 0 1
7312 1 1.11940298507463
7313 1 0.655737704918033
7314 1 1.11940298507463
7315 1 1.11111111111111
7316 1 1.25
7317 0 1
7318 0 1
7319 1 1.11111111111111
7320 1 3.81818181818182
7321 0 1
7322 0 1
7323 1 1.11111111111111
7324 1 0.655737704918033
7325 0 1
7326 0 1
7327 1 4.42857142857143
7328 0 1
7329 1 0.943396226415094
7330 1 1.11111111111111
7331 2 1.26864093072448
7332 1 0.655737704918033
7333 1 0.655737704918033
7334 2 0.311475409836065
7335 2 3.92929292929293
7336 1 1.84782608695652
7337 0 1
7338 0 1
7339 2 2.27956989247312
7340 1 0.5
7341 0 1
7342 0 1
7343 0 1
7344 3 2.06290322580645
7345 0 1
7346 0 1
7347 1 1.11111111111111
7348 1 1.84782608695652
7349 0 1
7350 1 1.11940298507463
7351 0 1
7352 1 1.11940298507463
7353 2 3.93758480325645
7354 0 1
7355 0 1
7356 1 1.13636363636364
7357 0 1
7358 0 1
7359 0 1
7360 0 1
7361 0 1
7362 1 1.84782608695652
7363 0 1
7364 2 1.3224043715847
7365 0 1
7366 0 1
7367 2 0.311475409836065
7368 2 3.95454545454546
7369 2 1.23880597014925
7370 0 1
7371 0 1
7372 1 1.13636363636364
7373 1 1.11111111111111
7374 1 1.13636363636364
7375 1 1.13636363636364
7376 0 1
7377 1 1.84782608695652
7378 0 1
7379 5 2.23200188951772
7380 2 2.51449275362319
7381 2 2.51449275362319
7382 1 0.943396226415094
7383 3 5.27891113094479
7384 0 1
7385 0 1
7386 1 0.943396226415094
7387 0 1
7388 0 1
7389 1 1.11111111111111
7390 0 1
7391 0 1
7392 0 1
7393 1 1.11940298507463
7394 1 1.25
7395 0 1
7396 0 1
7397 2 1.79122231337162
7398 1 1.61290322580645
7399 0 1
7400 0 1
7401 0 1
7402 2 1.25576662143826
7403 1 1.84782608695652
7404 3 1.94926686217009
7405 1 0.655737704918033
7406 1 1.25
7407 4 1.7951054223708
7408 9 1.89580044318146
7409 1 1.11111111111111
7410 0 1
7411 0 1
7412 0 1
7413 0 1
7414 0 1
7415 0 1
7416 0 1
7417 0 1
7418 0 1
7419 2 1.06279921148972
7420 2 1.07975986277873
7421 2 1.31111111111111
7422 0 1
7423 0 1
7424 2 1.72401433691756
7425 1 0.655737704918033
7426 0 1
7427 0 1
7428 0 1
7429 2 1.22222222222222
7430 0 1
7431 1 1.2
7432 0 1
7433 0 1
7434 3 1.72946587815639
7435 1 1.11111111111111
7436 1 1.66666666666667
7437 0 1
7438 0 1
7439 0 1
7440 0 1
7441 1 1.25
7442 1 1.11940298507463
7443 1 1.11940298507463
7444 1 0.655737704918033
7445 0 1
7446 0 1
7447 1 1.13636363636364
7448 0 1
7449 1 1.61290322580645
7450 0 1
7451 0 1
7452 1 1.11940298507463
7453 1 1.11940298507463
7454 1 0.655737704918033
7455 2 1.31111111111111
7456 6 5.15687105808505
7457 3 4.48307876609763
7458 0 1
7459 2 1.25576662143826
7460 1 2.42857142857143
7461 0 1
7462 1 1.2
7463 1 1.66666666666667
7464 1 1.25
7465 2 1.5
7466 0 1
7467 0 1
7468 0 1
7469 1 1.25
7470 1 0.655737704918033
7471 0 1
7472 3 1.91414141414141
7473 1 1.11940298507463
7474 1 1.66666666666667
7475 0 1
7476 0 1
7477 3 1.19916284785336
7478 2 0.886792452830189
7479 0 1
7480 1 1.11940298507463
7481 2 1.77777777777778
7482 0 1
7483 2 2.09782608695652
7484 0 1
7485 1 1.13636363636364
7486 2 1.72401433691756
7487 0 1
7488 1 1.66666666666667
7489 0 1
7490 0 1
7491 2 1.23051409618574
7492 0 1
7493 1 1.66666666666667
7494 0 1
7495 1 1.11940298507463
7496 0 1
7497 2 1.07975986277873
7498 1 1.11111111111111
7499 0 1
7500 0 1
7501 0 1
7502 0 1
7503 1 1.11111111111111
7504 0 1
7505 2 1.61006289308176
7506 0 1
7507 3 8.09457933370977
7508 3 4.48307876609763
7509 1 3.81818181818182
7510 1 3.81818181818182
7511 1 1.13636363636364
7512 1 1.61290322580645
7513 2 1.25576662143826
7514 0 1
7515 0 1
7516 2 1.73230621088108
7517 1 0.943396226415094
7518 4 4.86883116883117
7519 1 1.11940298507463
7520 0 1
7521 5 4.92352092352092
7522 2 1.72401433691756
7523 0 1
7524 0 1
7525 4 2.08563049853372
7526 0 1
7527 1 1.61290322580645
7528 1 1.66666666666667
7529 0 1
7530 2 3.93758480325645
7531 2 1.27272727272727
7532 0 1
7533 0 1
7534 1 1.61290322580645
7535 0 1
7536 0 1
7537 1 1.25
7538 2 2.33333333333333
7539 0 1
7540 2 1.8030303030303
7541 1 1.66666666666667
7542 0 1
7543 0 1
7544 1 4.42857142857143
7545 1 1.2
7546 2 1.23051409618574
7547 1 1.25
7548 0 1
7549 1 1.25
7550 0 1
7551 1 1.66666666666667
7552 4 1.12559842297944
7553 1 1.66666666666667
7554 0 1
7555 0 1
7556 1 1.11111111111111
7557 0 1
7558 0 1
7559 1 1.84782608695652
7560 0 1
7561 3 2.44444444444444
7562 0 1
7563 1 1.61290322580645
7564 3 1.30450733752621
7565 2 1.05450733752621
7566 2 1.25576662143826
7567 1 1.13636363636364
7568 0 1
7569 0 1
7570 2 1.06279921148972
7571 0 1
7572 1 1.13636363636364
7573 1 1.61290322580645
7574 4 0.846608678807875
7575 1 1.11111111111111
7576 0 1
7577 1 1.11111111111111
7578 0 1
7579 1 1.13636363636364
7580 1 1.66666666666667
7581 2 3.92929292929293
7582 0 1
7583 1 1.11111111111111
7584 1 1.61290322580645
7585 1 1.11111111111111
7586 1 0.943396226415094
7587 2 0.905737704918033
7588 0 1
7589 0 1
7590 1 1.84782608695652
7591 1 1.84782608695652
7592 1 1.2
7593 2 2.27956989247312
7594 1 1.11940298507463
7595 1 1.66666666666667
7596 1 1.2
7597 0 1
7598 1 1.61290322580645
7599 0 1
7600 0 1
7601 0 1
7602 1 1.11111111111111
7603 0 1
7604 1 1.13636363636364
7605 2 1.72401433691756
7606 1 1.13636363636364
7607 2 1.22222222222222
7608 2 1.38636363636364
7609 0 1
7610 0 1
7611 0 1
7612 0 1
7613 0 1
7614 1 1.71428571428571
7615 2 1.31940298507463
7616 0 1
7617 2 1.72401433691756
7618 0 1
7619 2 2.2258064516129
7620 0 1
7621 1 1.25
7622 0 1
7623 4 2.58663205710578
7624 3 1.48051409618574
7625 3 1.37516960651289
7626 0 1
7627 0 1
7628 1 0.943396226415094
7629 1 1.61290322580645
7630 3 1.37516960651289
7631 1 1.84782608695652
7632 0 1
7633 1 1.11111111111111
7634 1 3.81818181818182
7635 1 1.61290322580645
7636 0 1
7637 0 1
7638 2 1.23880597014925
7639 1 1.2
7640 2 1.25576662143826
7641 1 1.11940298507463
7642 0 1
7643 1 1.61290322580645
7644 0 1
7645 1 1.71428571428571
7646 0 1
7647 0 1
7648 2 1.82539682539683
7649 0 1
7650 0 1
7651 1 1.84782608695652
7652 1 1.11940298507463
7653 0 1
7654 0 1
7655 0 1
7656 1 1.11940298507463
7657 2 1.38636363636364
7658 0 1
7659 1 1.11940298507463
7661 1 1.13636363636364
7663 1 1.13636363636364
7664 2 0.905737704918033
7665 2 1.86290322580645
7666 0 1
7667 0 1
7668 1 1.11111111111111
7669 0 1
7670 0 1
7671 0 1
7672 1 1.84782608695652
7673 0 1
7674 1 1.11111111111111
7675 0 1
7676 1 1.11111111111111
7677 0 1
7678 0 1
7679 0 1
7680 0 1
7681 2 1.05450733752621
7682 1 1.61290322580645
7683 0 1
7684 0 1
7685 1 0.943396226415094
7686 1 1.13636363636364
7687 1 1.13636363636364
7688 2 1.78606965174129
7689 4 1.7951054223708
7690 1 1.2
7691 1 1.2
7692 0 1
7693 0 1
7694 0 1
7695 2 1.05450733752621
7696 3 1.30450733752621
7697 7 1.49247615552882
7698 0 1
7699 2 1.23880597014925
7700 3 2.07834018314226
7701 0 1
7702 0 1
7703 0 1
7704 0 1
7705 0 1
7706 0 1
7707 1 1.2
7708 0 1
7709 1 1.11111111111111
7710 2 1.05450733752621
7711 1 1.84782608695652
7712 1 1.11111111111111
7713 0 1
7714 0 1
7715 1 1.11111111111111
7716 0 1
7717 1 1.66666666666667
7718 3 2.94009216589862
7719 2 1.23051409618574
7721 0 1
7722 2 1.79122231337162
7723 1 1.11111111111111
7724 0 1
7725 0 1
7726 0 1
7727 0 1
7728 2 1.95893719806763
7729 0 1
7731 0 1
7732 1 1.25
7733 2 0.311475409836065
7734 0 1
7735 1 1.61290322580645
7737 3 1.00619543790482
7740 0 1
7742 0 1
7743 1 1.84782608695652
7744 2 1.73230621088108
7745 1 1.84782608695652
7746 1 1.11940298507463
7747 3 2.20893719806763
7748 1 0.943396226415094
7749 1 1.11940298507463
7750 0 1
7751 0 1
7752 2 1.33636363636364
7753 2 1.23880597014925
7754 0 1
7755 0 1
7756 3 1.35573770491803
7757 0 1
7758 0 1
7759 1 2.42857142857143
7760 1 1.25
7761 1 1.25
7762 1 0.655737704918033
7763 0 1
7764 1 1.13636363636364
7765 0 1
7766 1 1.66666666666667
7767 1 2.42857142857143
7768 1 1.84782608695652
7769 1 1.13636363636364
7770 0 1
7771 2 1.06279921148972
7772 2 2.04782608695652
7773 0 1
7774 0 1
7775 2 1.06279921148972
7776 0 1
7777 2 1.36940298507463
7778 2 1.23051409618574
7779 0 1
7780 1 1.13636363636364
7781 0 1
7782 0 1
7783 1 1.84782608695652
7784 2 1.31940298507463
7785 1 0.655737704918033
7786 1 1.5
7787 1 1.13636363636364
7788 0 1
7789 1 0.655737704918033
7790 0 1
7791 1 0.943396226415094
7792 1 1.11940298507463
7793 2 4.01818181818182
7794 0 1
7795 0 1
7796 0 1
7797 0 1
7798 1 1.13636363636364
7799 1 1.61290322580645
7800 1 1.66666666666667
7801 0 1
7802 1 1.5
7803 2 2.51449275362319
7804 2 3.95454545454546
7805 0 1
7806 0 1
7807 0 1
7808 1 1.25
7809 0 1
7810 0 1
7811 0 1
7812 0 1
7813 0 1
